-32768
1048576
-100000
32768
-7776
-32768
-1024
16807
-161051
371293
-1419857
-2476099
-1419857
59049
-1024
759375
32
-759375
-537824
-1889568
-1024
3200000
32768
371293
-16807
248832
-1
-1419857
0
-7776
1048576
1024
1024
1024
59049
59049
161051
-371293
161051
32
161051
-32
-1024
3200000
-1024
161051
1024
-248832
1889568
-371293
59049
3125
1
1889568
-32768
1024
-32768
-32768
371293
1048576
-1419857
-32
-371293
-16807
248832
-759375
32768
-1
32
7776
243
1419857
0
-759375
3125
1024
-100000
16807
161051
-1048576
-32768
-3200000
-32
-32768
1889568
16807
1024
-1419857
-371293
161051
243
-1
1419857
161051
-32
32768
-32768
59049
-16807
-3200000
