10
13
21
7
2
5
22
169
13
100
37
139
149
151
157
163
167
173
179
181
191
193
197
199
211
223
227
229
233
239
241
251
257
263
269
271
277
281
283
293
307
311
313
317
331
337
347
349
353
359
367
373
379
383
389
397
10
401
1222
409
419
33333
421
4444
431
5555
433
439
443
449
457
6666
461
463
467
479
487
491
499
503
509
521
523
99
99
100
22
541
547
557
563
569
571
577
587
593
599
601
607
613
617
619
631
641
643
647
653
659
661
673
333
677
683
691
701
709
719
727
733
739
743
751
757
761
769
773
787
797
809
