17
41
73
89
97
113
137
193
233
241
257
3
5
7
281
11
13
23
313
19
43
31
337
29
59
67
47
37
83
107
353
71
131
401
79
53
139
409
103
61
163
433
449
101
109
149
157
179
127
457
521
211
151
173
181
197
229
227
569
577
251
593
283
307
601
331
617
641
673
761
769
809
857
167
191
199
223
881
929
937
239
953
263
977
271
311
359
367
383
431
439
463
479
487
503
599
607
631
647
719
727
743
751
823
839
863
887
911
919
967
983
991
347
379
419
443
467
491
499
523
547
563
571
269
277
587
293
619
317
643
349
659
373
683
389
691
397
421
461
509
541
557
613
653
661
677
701
709
733
757
773
797
821
829
853
877
941
997
739
787
811
827
859
883
907
947
971
